DEPLOYED: threshold 0.600 answered 116 correct 99 acc 0.853 ood 16/94 b3 1 AURC 0.171

recipe                    n  acc@46.2% diff vs dep  ood/94    b3   AURC  per-seed acc (paired 95% CI of diff)
E1_effv2s                 1      0.776       -7.8p    19.0  3.00  0.215  0.776 (-16.9,+1.6)
I_G5                      3      0.799       -5.5p     8.3  3.00  0.193  0.802 (-11.6,+1.3), 0.819 (-9.7,+2.6), 0.776 (-14.6,-1.5)
I_H4                      3      0.846       -0.8p    10.0  2.33  0.141  0.845 (-8.4,+6.6), 0.838 (-9.8,+6.7), 0.855 (-7.3,+7.4)
J_G5_oodcap1000           3      0.833       -2.0p     9.0  1.33  0.164  0.836 (-9.2,+5.6), 0.853 (-5.0,+5.8), 0.810 (-10.1,+1.9)
J_G5_oodcap2000           3      0.839       -1.4p     9.0  1.67  0.160  0.819 (-9.4,+3.1), 0.836 (-8.5,+5.1), 0.862 (-5.1,+6.9)
K_zoomout04               3      0.831       -2.3p     6.7  2.00  0.162  0.784 (-13.4,-1.1), 0.828 (-8.4,+3.3), 0.880 (-3.5,+9.0)
K_zoomout08               3      0.831       -2.2p     6.3  1.00  0.152  0.812 (-11.6,+3.3), 0.845 (-7.9,+6.7), 0.836 (-9.3,+6.3)
L1b_zoomout10             3      0.817       -3.7p     7.0  1.33  0.175  0.802 (-11.0,+0.8), 0.846 (-7.2,+5.6), 0.802 (-13.1,+2.6)
L3_minfill03              3      0.825       -2.8p     6.0  2.33  0.156  0.836 (-9.5,+6.2), 0.803 (-11.9,+1.7), 0.836 (-8.3,+4.8)
LC_25pct                  3      0.644      -21.0p    21.3  3.67  0.325  0.672 (-26.8,-9.9), 0.629 (-31.6,-13.7), 0.629 (-32.0,-13.1)
LC_50pct                  3      0.770       -8.3p    11.7  2.33  0.220  0.784 (-14.9,+1.1), 0.793 (-13.8,+1.9), 0.733 (-21.3,-3.0)
P0_shippedconditions      3      0.744      -10.9p    10.0  2.33  0.236  0.707 (-22.9,-7.5), 0.716 (-21.7,-6.4), 0.810 (-13.3,+3.9)
P1_plus_roboflow          3      0.765       -8.9p    14.0  1.67  0.228  0.803 (-12.9,+2.2), 0.655 (-29.7,-10.9), 0.836 (-8.2,+4.6)
R_exact                   3      0.822       -3.2p    12.3  2.67  0.183  0.802 (-11.9,+1.2), 0.810 (-11.3,+2.6), 0.853 (-5.9,+5.9)
R_exact_a                 1      0.836       -1.7p    14.0  2.00  0.150  0.836 (-7.2,+3.8)
R_exact_b                 1      0.750      -10.3p    14.0  4.00  0.209  0.750 (-19.2,-2.6)
